0.0
0.0
0.0
0.0
0.0
0.0
0.0
0.0
0.0
0.0
0.0
0.0
4.472750071740393E-6
4.690246586669462E-6
4.917022029607456E-6
5.147671576392821E-6
5.369892042782052E-6
5.590040792331994E-6
5.80319354883674E-6
6.022862271378745E-6
6.256289892917451E-6
6.508773195728616E-6
6.786442290055213E-6
7.087917462494885E-6
7.400890720877886E-6
7.727207268339406E-6
8.079396427789936E-6
8.435831642186573E-6
8.817842497741324E-6
9.214086404111547E-6
9.61557317123532E-6
1.0028685884352885E-5
1.0451803955897515E-5
1.0925560801803998E-5
1.1475647244283886E-5
1.2133605618136515E-5
1.2924185313433983E-5
1.3854817539152439E-5
1.4874607125221313E-5
1.592123756063726E-5
1.693247302753976E-5
1.7823842425922862E-5
1.857832712343244E-5
1.921361162456482E-5
1.97824579088748E-5
2.0417466750477625E-5
2.1185983133076733E-5
2.215370065072222E-5
2.3319191742003014E-5
2.4657188410992128E-5
2.609051892972465E-5
2.75717945553656E-5
2.9028906240891073E-5
3.0485474078381515E-5
3.202140580094128E-5
3.377856751553148E-5
3.5903905551810964E-5
3.8489943180954715E-5
4.1517626080997744E-5
4.4866511816243874E-5
4.8299908770463856E-5
5.1467042006619205E-5
5.397217231836916E-5
5.5524253651806996E-5
5.594887196377934E-5
5.5251128031752114E-5
5.363959234495314E-5
5.1363848590329674E-5
4.879132108727096E-5
4.624959404170989E-5
4.392147163619556E-5
4.1997259273073197E-5
4.05552229526313E-5
3.9613468169939185E-5
3.916244134570102E-5
3.917543512046785E-5
3.956644151784418E-5
4.024325290395294E-5
4.099526969558114E-5
4.164526215936406E-5
4.19787475712233E-5
4.1842072246442366E-5
4.115576425234506E-5
3.990250476706077E-5
3.8095353518134946E-5
3.57738202950032E-5
3.302070801837893E-5
2.993189345028085E-5
2.6588631502727925E-5
2.310703097260522E-5
1.96382885152912E-5
1.6351625453320842E-5
1.34108066727065E-5
1.0911398870186523E-5
8.898204537782746E-6
7.398304808766686E-6
6.3331852084724075E-6
5.604540883378869E-6
5.1269451049510004E-6
4.797432306834567E-6
4.540460468419393E-6
4.306916566866064E-6
4.066730380358236E-6
3.7938916035762356E-6
3.470740652938072E-6
3.110466350734345E-6
2.7230201461833035E-6
2.323163793292769E-6
1.920092500384462E-6
1.539065074598093E-6
1.1937844467778486E-6
8.892775421328193E-7
6.327096463067927E-7
4.2950033690924315E-7
2.7906395671003025E-7
1.7197983400698714E-7
0.0
0.0
0.0
0.0
0.0
0.0
0.0
0.0
0.0
0.0
0.0
0.0
