0.0
0.0
0.0
0.0
0.0
0.0
0.0
0.0
0.0
0.0
0.0
0.0
0.0
0.0
0.0
0.0
0.0
0.0
0.0
0.0
0.0
0.0
8.126715687308201E-6
3.2653997496979866E-5
7.101308316103915E-5
1.0468511336620148E-4
1.3495338983932862E-4
1.8850019158593389E-4
2.6430608443925524E-4
3.1159480481625113E-4
3.1407715951280065E-4
3.27378876937759E-4
3.975576796015789E-4
6.486009881662516E-4
0.0013313053590709072
0.002542119859623613
0.00396430279150777
0.004953224804065601
0.005423429086569417
0.005830386346201243
0.00693693579297054
0.008740366872836143
0.011313494322950838
0.014647467063297582
0.01811861740970613
0.019768315970595664
0.01847826686380875
0.015386804774583755
0.012612893364798462
0.010985739916743176
0.009996440411409444
0.009091028170302698
0.007899857690509885
0.006032667799984897
0.0036066720897940303
0.0014931893135935888
3.8131910301592405E-4
3.323287585117553E-5
0.0
0.0
0.0
0.0
0.0
0.0
0.0
0.0
0.0
0.0
0.0
0.0
0.0
0.0
0.0
0.0
0.0
0.0
0.0
0.0
0.0
0.0
0.0
0.0
0.0
0.0
0.0
0.0
0.0
0.0
0.0
0.0
0.0
0.0
0.0
0.0
0.0
0.0
0.0
0.0
0.0
0.0
0.0
0.0
0.0
0.0
0.0
0.0
0.0
0.0
0.0
0.0
0.0
0.0
0.0
0.0
0.0
0.0
0.0
0.0
0.0
0.0
0.0
0.0
0.0
0.0
0.0
0.0
0.0
0.0
