0.0
0.0
0.0
0.0
0.0
0.0
0.0
0.0
0.0
0.0
0.0
0.0
0.0
0.0
0.0
0.0
0.0
0.0
0.0
0.0
0.0
0.0
0.0
0.0
0.0
0.0
0.0
0.0
0.0
0.0
0.0
0.0
0.0
0.0
0.0
0.0
0.0
0.0
7.664330282144761E-4
0.003303966735435193
0.008726059188807651
0.01446259454987375
0.01633911492951484
0.014194398818942796
0.014033800994322589
0.01777864554275543
0.02382357877350067
0.02516085190092708
0.02057253224311913
0.012135847173429526
0.004964742427617504
6.054274528823028E-4
4.2893127141694014E-5
1.126050380841873E-4
1.6049466229760913E-4
1.316534446207813E-4
6.331761272351955E-5
8.407805412921804E-6
0.0
0.0
0.0
0.0
0.0
0.0
0.0
0.0
0.0
0.0
0.0
0.0
0.0
0.0
0.0
0.0
0.0
0.0
0.0
0.0
0.0
0.0
0.0
0.0
0.0
0.0
0.0
0.0
0.0
0.0
0.0
0.0
0.0
0.0
0.0
0.0
0.0
0.0
0.0
0.0
0.0
0.0
0.0
0.0
0.0
0.0
0.0
0.0
0.0
0.0
0.0
0.0
0.0
0.0
0.0
0.0
0.0
0.0
0.0
0.0
0.0
0.0
0.0
0.0
0.0
0.0
0.0
0.0
0.0
0.0
