0.0
0.0
0.0
0.0
0.0
0.0
0.0
0.0
0.0
0.0
0.0
0.0
0.0
0.0
0.0
0.0
0.0
0.0
0.0
0.0
0.0
0.0
0.0
0.0
0.0
0.0
0.0
0.0
0.0
0.0
0.0
0.0
0.0
0.0
0.0
0.0
2.264142460898134E-4
0.0012100445749891353
0.00403958129214443
0.008284863553597886
0.012597962797216472
0.014981328630061345
0.015090130125123133
0.014386350805351519
0.015309551786896917
0.01771524831069134
0.020926904025498454
0.02219327222377599
0.020068172087653897
0.01442386231519137
0.007864848589565923
0.0027755575425387727
7.191167278060835E-4
1.9006095311973156E-4
1.7064517001048334E-4
1.1905533547839875E-4
4.7327264131781574E-5
6.861636700468816E-6
0.0
0.0
0.0
0.0
0.0
0.0
0.0
0.0
0.0
0.0
0.0
0.0
0.0
0.0
0.0
0.0
0.0
0.0
0.0
0.0
0.0
0.0
0.0
0.0
0.0
0.0
0.0
0.0
0.0
0.0
0.0
0.0
0.0
0.0
0.0
0.0
0.0
0.0
0.0
0.0
0.0
0.0
0.0
0.0
0.0
0.0
0.0
0.0
0.0
0.0
0.0
0.0
0.0
0.0
0.0
0.0
0.0
0.0
0.0
0.0
0.0
0.0
0.0
0.0
0.0
0.0
0.0
0.0
0.0
0.0
