0.0
0.0
0.0
0.0
0.0
0.0
0.0
0.0
0.0
0.0
0.0
0.0
0.0
0.0
0.0
0.0
0.0
0.0
0.0
0.0
0.0
0.0
0.0
0.0
0.0
0.0
0.0
0.0
0.0
0.0
0.0
0.0
3.907914763735427E-5
2.8956348332105815E-4
0.0010689345887362472
0.0024235874773361043
0.0039544114020739355
0.005003824143176801
0.0056475821169246435
0.006366023047773094
0.007563003515455373
0.009134032506404335
0.011223272634525848
0.01421620958187254
0.01762501424716975
0.019764863377326185
0.01920657100747487
0.016655595778446036
0.014009710386938648
0.012406451429653994
0.011244357612568933
0.009288014200306099
0.006314417934259501
0.003196183927150165
0.001064840110037396
1.314542653463461E-4
0.0
0.0
0.0
0.0
0.0
0.0
0.0
0.0
0.0
0.0
0.0
0.0
0.0
0.0
0.0
0.0
0.0
0.0
0.0
0.0
0.0
0.0
0.0
0.0
0.0
0.0
0.0
0.0
0.0
0.0
0.0
0.0
0.0
0.0
0.0
0.0
0.0
0.0
0.0
0.0
0.0
0.0
0.0
0.0
0.0
0.0
0.0
0.0
0.0
0.0
0.0
0.0
0.0
0.0
0.0
0.0
0.0
0.0
0.0
0.0
0.0
0.0
0.0
0.0
0.0
0.0
0.0
0.0
0.0
0.0
0.0
0.0
